Link_0 12 2 1 10000000 8
Link_1 12 1 1 10000000 1
Link_2 12 0 1 10000000 1
Link_3 7 15 1 10000000 1
Link_4 96 135 1 10000000 2
Link_5 96 86 1 10000000 2
Link_6 96 50 1 10000000 2
Link_7 96 134 1 10000000 3
Link_8 92 126 1 10000000 1
Link_9 92 125 1 10000000 2
Link_10 34 11 1 2400000 2
Link_11 34 21 1 10000000 1
Link_12 34 9 1 10000000 3
Link_13 41 60 1 10000000 1
Link_14 41 59 1 10000000 2
Link_15 41 23 1 2400000 1
Link_16 10 20 1 10000000 5
Link_17 10 19 1 10000000 3
Link_18 10 8 1 10000000 1
Link_19 56 80 1 10000000 2
Link_20 56 53 1 2400000 2
Link_21 56 35 1 2400000 2
Link_22 64 63 1 2400000 2
Link_23 64 44 1 2400000 1
Link_24 137 77 1 10000000 4
Link_25 137 177 1 10000000 3
Link_26 77 101 1 10000000 2
Link_27 77 33 1 2400000 3
Link_28 77 50 1 10000000 5
Link_29 77 75 1 2400000 3
Link_30 77 97 1 10000000 3
Link_31 77 100 1 10000000 3
Link_32 190 193 1 10000000 1
Link_33 114 112 1 10000000 3
Link_34 114 159 1 2400000 3
Link_35 111 109 1 2400000 3
Link_36 111 108 1 10000000 1
Link_37 60 59 1 10000000 3
Link_38 60 24 1 10000000 1
Link_39 60 42 1 10000000 2
Link_40 113 158 1 2400000 9
Link_41 113 154 1 2400000 14
Link_42 113 57 1 10000000 5
Link_43 113 157 1 2400000 2
Link_44 113 156 1 2400000 1
Link_45 113 155 1 2400000 10
Link_46 110 152 1 10000000 1
Link_47 2 10 1 10000000 3
Link_48 2 9 1 10000000 9
Link_49 2 8 1 10000000 2
Link_50 151 110 1 10000000 1
Link_51 151 191 1 2400000 2
Link_52 1 7 1 10000000 1
Link_53 1 4 1 10000000 1
Link_54 1 6 1 10000000 1
Link_55 1 5 1 10000000 1
Link_56 135 136 1 10000000 1
Link_57 135 75 1 2400000 2
Link_58 135 74 1 2400000 1
Link_59 55 37 1 10000000 1
Link_60 29 7 1 2400000 2
Link_61 29 28 1 10000000 2
Link_62 29 46 1 10000000 5
Link_63 27 1 1 10000000 2
Link_64 27 28 1 10000000 2
Link_65 27 15 1 10000000 2
Link_66 27 5 1 2400000 1
Link_67 27 22 1 2400000 1
Link_68 0 4 1 10000000 1
Link_69 0 3 1 2400000 1
Link_70 11 21 1 10000000 1
Link_71 11 9 1 10000000 2
Link_72 45 64 1 10000000 1
Link_73 45 63 1 10000000 2
Link_74 101 51 1 2400000 1
Link_75 101 76 1 10000000 2
Link_76 26 34 1 10000000 1
Link_77 26 21 1 2400000 2
Link_78 26 43 1 10000000 1
Link_79 80 106 1 10000000 1
Link_80 80 36 1 2400000 2
Link_81 80 79 1 10000000 2
Link_82 162 83 1 10000000 1
Link_83 162 160 1 2400000 1
Link_84 162 195 1 10000000 1
Link_85 121 122 1 10000000 2
Link_86 121 165 1 10000000 2
Link_87 121 85 1 10000000 3
Link_88 121 164 1 2400000 2
Link_89 28 45 1 10000000 2
Link_90 28 40 1 10000000 1
Link_91 28 44 1 10000000 2
Link_92 179 169 1 2400000 1
Link_93 179 128 1 10000000 2
Link_94 106 56 1 2400000 2
Link_95 106 53 1 10000000 2
Link_96 106 145 1 10000000 1
Link_97 106 144 1 10000000 2
Link_98 177 176 1 10000000 1
Link_99 177 97 1 2400000 2
Link_100 69 91 1 10000000 3
Link_101 69 93 1 10000000 4
Link_102 69 68 1 10000000 2
Link_103 163 121 1 10000000 2
Link_104 163 119 1 2400000 2
Link_105 163 167 1 2400000 1
Link_106 46 12 1 10000000 7
Link_107 46 7 1 10000000 6
Link_108 46 63 1 10000000 3
Link_109 46 66 1 10000000 3
Link_110 46 65 1 10000000 3
Link_111 46 16 1 10000000 2
Link_112 46 44 1 10000000 4
Link_113 33 51 1 10000000 1
Link_114 33 50 1 10000000 7
Link_115 87 124 1 10000000 1
Link_116 87 43 1 10000000 3
Link_117 87 42 1 2400000 2
Link_118 86 50 1 10000000 2
Link_119 86 62 1 10000000 1
Link_120 86 123 1 10000000 3
Link_121 53 78 1 10000000 2
Link_122 53 39 1 10000000 2
Link_123 20 39 1 10000000 3
Link_124 20 38 1 10000000 4
Link_125 109 151 1 10000000 2
Link_126 109 150 1 10000000 3
Link_127 120 86 1 10000000 2
Link_128 120 61 1 2400000 1
Link_129 120 117 1 2400000 1
Link_130 161 181 1 10000000 2
Link_131 82 114 1 10000000 1
Link_132 82 113 1 10000000 16
Link_133 82 112 1 10000000 3
Link_134 136 96 1 10000000 2
Link_135 136 75 1 2400000 2
Link_136 136 176 1 2400000 2
Link_137 143 78 1 10000000 1
Link_138 143 188 1 10000000 2
Link_139 143 187 1 10000000 1
Link_140 143 186 1 10000000 2
Link_141 139 180 1 2400000 2
Link_142 139 179 1 10000000 1
Link_143 139 169 1 2400000 1
Link_144 139 178 1 10000000 3
Link_145 108 38 1 10000000 3
Link_146 108 149 1 10000000 2
Link_147 170 129 1 10000000 1
Link_148 170 171 1 2400000 2
Link_149 78 103 1 10000000 4
Link_150 78 102 1 10000000 2
Link_151 4 12 1 10000000 1
Link_152 4 11 1 10000000 1
Link_153 4 6 1 2400000 1
Link_154 37 31 1 10000000 2
Link_155 141 78 1 10000000 4
Link_156 141 182 1 2400000 1
Link_157 141 103 1 10000000 2
Link_158 141 181 1 2400000 3
Link_159 119 121 1 2400000 1
Link_160 119 118 1 2400000 1
Link_161 90 69 1 2400000 1
Link_162 90 93 1 2400000 4
Link_163 90 18 1 10000000 4
Link_164 90 47 1 2400000 1
Link_165 158 155 1 2400000 2
Link_166 73 72 1 2400000 1
Link_167 73 95 1 10000000 1
Link_168 73 32 1 10000000 3
Link_169 154 82 1 10000000 3
Link_170 154 155 1 2400000 4
Link_171 21 14 1 10000000 1
Link_172 21 13 1 10000000 2
Link_173 72 95 1 10000000 2
Link_174 94 132 1 10000000 3
Link_175 94 131 1 10000000 1
Link_176 94 126 1 2400000 2
Link_177 94 130 1 2400000 1
Link_178 188 105 1 2400000 1
Link_179 188 165 1 2400000 2
Link_180 188 144 1 10000000 2
Link_181 133 94 1 10000000 2
Link_182 133 71 1 10000000 3
Link_183 95 92 1 2400000 1
Link_184 95 133 1 10000000 2
Link_185 95 71 1 10000000 2
Link_186 95 125 1 10000000 1
Link_187 187 78 1 2400000 1
Link_188 187 145 1 2400000 1
Link_189 187 144 1 10000000 2
Link_190 198 197 1 2400000 2
Link_191 198 150 1 10000000 1
Link_192 140 161 1 2400000 1
Link_193 140 141 1 10000000 4
Link_194 88 59 1 10000000 3
Link_195 88 65 1 10000000 1
Link_196 88 104 1 10000000 1
Link_197 51 77 1 10000000 3
Link_198 51 76 1 10000000 2
Link_199 197 195 1 10000000 2
Link_200 76 33 1 10000000 2
Link_201 76 90 1 10000000 3
Link_202 76 99 1 10000000 2
Link_203 76 98 1 10000000 2
Link_204 76 18 1 10000000 2
Link_205 58 20 1 2400000 3
Link_206 58 83 1 10000000 1
Link_207 58 38 1 10000000 2
Link_208 107 110 1 2400000 2
Link_209 107 148 1 10000000 2
Link_210 107 57 1 10000000 2
Link_211 107 147 1 10000000 3
Link_212 107 146 1 10000000 3
Link_213 61 60 1 10000000 2
Link_214 61 86 1 10000000 3
Link_215 25 26 1 10000000 2
Link_216 25 42 1 10000000 1
Link_217 83 116 1 10000000 1
Link_218 83 39 1 10000000 1
Link_219 83 115 1 10000000 2
Link_220 14 11 1 10000000 2
Link_221 14 5 1 2400000 1
Link_222 116 162 1 10000000 1
Link_223 116 58 1 2400000 1
Link_224 116 38 1 10000000 1
Link_225 129 69 1 10000000 4
Link_226 129 91 1 2400000 4
Link_227 129 171 1 10000000 2
Link_228 112 154 1 10000000 1
Link_229 112 153 1 2400000 1
Link_230 15 1 1 10000000 1
Link_231 15 29 1 10000000 1
Link_232 15 28 1 10000000 2
Link_233 39 58 1 10000000 2
Link_234 39 52 1 10000000 2
Link_235 39 35 1 10000000 2
Link_236 19 20 1 10000000 3
Link_237 19 37 1 2400000 2
Link_238 19 36 1 10000000 2
Link_239 19 17 1 10000000 2
Link_240 19 35 1 10000000 3
Link_241 132 129 1 10000000 4
Link_242 132 91 1 2400000 2
Link_243 132 126 1 2400000 3
Link_244 132 174 1 2400000 3
Link_245 132 173 1 2400000 3
Link_246 145 53 1 2400000 2
Link_247 145 78 1 2400000 1
Link_248 145 144 1 2400000 2
Link_249 138 76 1 10000000 2
Link_250 138 93 1 2400000 2
Link_251 138 100 1 2400000 1
Link_252 186 188 1 2400000 2
Link_253 186 103 1 10000000 2
Link_254 31 19 1 10000000 3
Link_255 31 17 1 10000000 2
Link_256 169 127 1 10000000 1
Link_257 169 100 1 2400000 1
Link_258 122 166 1 10000000 1
Link_259 122 79 1 10000000 2
Link_260 105 122 1 10000000 1
Link_261 105 144 1 10000000 2
Link_262 118 163 1 10000000 1
Link_263 128 170 1 10000000 1
Link_264 128 129 1 10000000 2
Link_265 128 169 1 10000000 2
Link_266 128 127 1 10000000 2
Link_267 128 168 1 10000000 2
Link_268 50 75 1 10000000 3
Link_269 50 74 1 10000000 1
Link_270 50 18 1 10000000 8
Link_271 115 161 1 10000000 1
Link_272 115 140 1 10000000 1
Link_273 115 160 1 10000000 1
Link_274 115 102 1 10000000 2
Link_275 99 77 1 10000000 3
Link_276 99 101 1 10000000 1
Link_277 99 98 1 2400000 1
Link_278 6 11 1 10000000 2
Link_279 6 14 1 2400000 1
Link_280 6 5 1 2400000 1
Link_281 59 45 1 2400000 1
Link_282 59 28 1 10000000 2
Link_283 59 85 1 10000000 3
Link_284 59 84 1 10000000 3
Link_285 75 97 1 10000000 1
Link_286 54 55 1 2400000 1
Link_287 54 80 1 10000000 2
Link_288 54 37 1 2400000 1
Link_289 54 31 1 10000000 2
Link_290 54 79 1 10000000 3
Link_291 176 96 1 10000000 3
Link_292 176 97 1 2400000 2
Link_293 124 86 1 10000000 1
Link_294 124 61 1 2400000 3
Link_295 124 62 1 2400000 1
Link_296 124 42 1 2400000 2
Link_297 71 72 1 2400000 1
Link_298 71 94 1 10000000 4
Link_299 71 70 1 10000000 2
Link_300 152 151 1 2400000 1
Link_301 152 109 1 2400000 1
Link_302 152 81 1 10000000 1
Link_303 24 41 1 10000000 1
Link_304 24 25 1 10000000 1
Link_305 40 41 1 10000000 2
Link_306 40 27 1 10000000 2
Link_307 40 59 1 10000000 2
Link_308 32 49 1 10000000 2
Link_309 32 48 1 10000000 2
Link_310 32 47 1 10000000 2
Link_311 43 34 1 10000000 2
Link_312 43 25 1 2400000 2
Link_313 43 50 1 10000000 5
Link_314 43 62 1 2400000 3
Link_315 43 18 1 10000000 11
Link_316 165 105 1 10000000 2
Link_317 165 164 1 2400000 1
Link_318 5 13 1 10000000 1
Link_319 191 192 1 2400000 1
Link_320 63 88 1 10000000 2
Link_321 63 59 1 10000000 2
Link_322 63 44 1 2400000 2
Link_323 36 56 1 10000000 1
Link_324 36 55 1 2400000 1
Link_325 36 37 1 2400000 2
Link_326 36 54 1 10000000 2
Link_327 17 10 1 10000000 1
Link_328 17 16 1 10000000 2
Link_329 9 12 1 10000000 2
Link_330 9 0 1 10000000 2
Link_331 9 3 1 10000000 1
Link_332 9 18 1 10000000 15
Link_333 194 57 1 2400000 2
Link_334 194 193 1 2400000 1
Link_335 148 194 1 2400000 2
Link_336 148 57 1 10000000 2
Link_337 148 193 1 2400000 2
Link_338 103 143 1 10000000 3
Link_339 103 142 1 10000000 1
Link_340 91 92 1 10000000 2
Link_341 97 137 1 10000000 3
Link_342 97 136 1 10000000 1
Link_343 66 31 1 10000000 2
Link_344 66 16 1 10000000 2
Link_345 85 88 1 10000000 2
Link_346 85 122 1 10000000 2
Link_347 85 84 1 10000000 3
Link_348 65 63 1 2400000 1
Link_349 65 66 1 10000000 2
Link_350 65 89 1 10000000 1
Link_351 89 88 1 10000000 1
Link_352 89 31 1 10000000 2
Link_353 89 54 1 10000000 3
Link_354 89 66 1 10000000 1
Link_355 57 82 1 10000000 20
Link_356 57 81 1 10000000 3
Link_357 166 121 1 2400000 2
Link_358 166 105 1 10000000 1
Link_359 166 165 1 2400000 2
Link_360 16 2 1 10000000 2
Link_361 16 31 1 10000000 2
Link_362 16 30 1 10000000 2
Link_363 147 192 1 2400000 2
Link_364 147 191 1 2400000 2
Link_365 147 146 1 2400000 2
Link_366 147 189 1 2400000 3
Link_367 93 76 1 10000000 3
Link_368 93 129 1 10000000 2
Link_369 93 128 1 10000000 1
Link_370 93 127 1 10000000 1
Link_371 38 10 1 10000000 8
Link_372 38 57 1 10000000 10
Link_373 62 87 1 10000000 1
Link_374 62 50 1 10000000 2
Link_375 171 174 1 10000000 2
Link_376 23 24 1 2400000 2
Link_377 23 40 1 10000000 1
Link_378 52 20 1 2400000 1
Link_379 52 19 1 10000000 3
Link_380 149 198 1 2400000 1
Link_381 149 197 1 2400000 2
Link_382 149 196 1 10000000 1
Link_383 149 195 1 10000000 3
Link_384 3 11 1 10000000 1
Link_385 3 4 1 10000000 1
Link_386 81 111 1 2400000 4
Link_387 81 110 1 10000000 2
Link_388 81 109 1 10000000 2
Link_389 81 108 1 10000000 5
Link_390 81 107 1 10000000 2
Link_391 81 38 1 10000000 8
Link_392 131 71 1 10000000 5
Link_393 131 172 1 10000000 1
Link_394 74 96 1 10000000 1
Link_395 74 75 1 2400000 2
Link_396 196 111 1 2400000 1
Link_397 196 108 1 10000000 1
Link_398 196 150 1 2400000 1
Link_399 22 40 1 10000000 1
Link_400 22 23 1 2400000 1
Link_401 117 118 1 10000000 1
Link_402 146 190 1 2400000 2
Link_403 146 148 1 10000000 1
Link_404 146 189 1 2400000 1
Link_405 189 190 1 10000000 1
Link_406 167 121 1 10000000 2
Link_407 167 164 1 2400000 2
Link_408 127 138 1 10000000 1
Link_409 127 100 1 10000000 1
Link_410 126 133 1 10000000 1
Link_411 126 95 1 10000000 1
Link_412 126 91 1 2400000 2
Link_413 49 71 1 10000000 2
Link_414 49 9 1 10000000 21
Link_415 49 18 1 10000000 6
Link_416 193 146 1 10000000 2
Link_417 130 131 1 10000000 1
Link_418 84 60 1 10000000 2
Link_419 84 121 1 10000000 2
Link_420 84 120 1 10000000 2
Link_421 84 119 1 2400000 2
Link_422 84 61 1 10000000 1
Link_423 84 118 1 10000000 2
Link_424 84 117 1 2400000 2
Link_425 144 80 1 10000000 2
Link_426 144 143 1 10000000 2
Link_427 144 79 1 10000000 2
Link_428 30 12 1 10000000 7
Link_429 30 2 1 2400000 1
Link_430 30 46 1 10000000 1
Link_431 156 57 1 10000000 5
Link_432 175 176 1 10000000 1
Link_433 123 96 1 10000000 2
Link_434 123 163 1 10000000 1
Link_435 123 120 1 10000000 2
Link_436 123 118 1 2400000 2
Link_437 123 117 1 2400000 2
Link_438 123 167 1 10000000 2
Link_439 172 94 1 2400000 2
Link_440 172 132 1 2400000 2
Link_441 172 130 1 2400000 1
Link_442 100 139 1 10000000 2
Link_443 100 99 1 10000000 1
Link_444 185 141 1 10000000 1
Link_445 185 182 1 2400000 1
Link_446 125 73 1 10000000 1
Link_447 125 68 1 10000000 2
Link_448 35 53 1 10000000 2
Link_449 35 36 1 10000000 2
Link_450 35 52 1 10000000 1
Link_451 70 49 1 10000000 1
Link_452 184 185 1 10000000 1
Link_453 184 183 1 2400000 3
Link_454 68 92 1 10000000 2
Link_455 68 73 1 2400000 2
Link_456 68 32 1 10000000 2
Link_457 68 91 1 2400000 3
Link_458 48 73 1 10000000 2
Link_459 48 72 1 10000000 2
Link_460 48 71 1 10000000 2
Link_461 48 49 1 2400000 1
Link_462 48 70 1 2400000 1
Link_463 42 61 1 10000000 2
Link_464 42 24 1 2400000 1
Link_465 42 43 1 10000000 2
Link_466 160 161 1 2400000 1
Link_467 160 83 1 10000000 2
Link_468 160 195 1 10000000 1
Link_469 98 138 1 10000000 1
Link_470 98 100 1 2400000 1
Link_471 181 140 1 10000000 2
Link_472 142 141 1 10000000 1
Link_473 142 185 1 2400000 2
Link_474 142 184 1 2400000 1
Link_475 142 183 1 2400000 2
Link_476 168 170 1 2400000 1
Link_477 168 171 1 2400000 2
Link_478 153 154 1 10000000 2
Link_479 178 137 1 2400000 1
Link_480 178 77 1 10000000 3
Link_481 178 180 1 2400000 3
Link_482 178 100 1 2400000 4
Link_483 174 129 1 10000000 1
Link_484 44 29 1 10000000 2
Link_485 44 45 1 2400000 1
Link_486 8 17 1 10000000 2
Link_487 8 16 1 10000000 1
Link_488 67 69 1 2400000 1
Link_489 67 90 1 10000000 1
Link_490 104 85 1 2400000 2
Link_491 104 89 1 10000000 1
Link_492 13 27 1 10000000 1
Link_493 13 26 1 10000000 2
Link_494 13 25 1 10000000 2
Link_495 13 14 1 2400000 2
Link_496 13 24 1 10000000 2
Link_497 13 23 1 10000000 2
Link_498 13 22 1 10000000 1
Link_499 102 53 1 2400000 2
Link_500 102 141 1 10000000 4
Link_501 102 140 1 10000000 2
Link_502 102 83 1 10000000 3
Link_503 102 39 1 10000000 3
Link_504 18 34 1 10000000 12
Link_505 18 33 1 10000000 2
Link_506 18 32 1 10000000 5
Link_507 173 174 1 10000000 3
Link_508 79 105 1 10000000 2
Link_509 79 85 1 10000000 2
Link_510 79 89 1 10000000 3
Link_511 79 104 1 2400000 2
Link_512 195 108 1 10000000 3
Link_513 47 69 1 10000000 2
Link_514 47 68 1 10000000 2
Link_515 47 67 1 10000000 1
Link_516 47 18 1 10000000 4
Link_517 150 111 1 10000000 1
Link_518 150 149 1 2400000 1
Link_519 134 176 1 10000000 1
Link_520 134 175 1 2400000 1
Link_521 134 123 1 10000000 2
